1978207029232898373
1979641387734945797
1991589113976304068
1993958206960234837
1995398229421420954
1995542490049290680
1996113438334967913
1998766162033713370
1999038204692083196
1999517713840894224
1999737307780317544
1999845536849920426
2000301364354961613
2000614012422136108
2000932708684304623
2001186860115153355
2001396051974979858
2001560723173052612
2002029348132721016
2002274024408191033
2002793794975273279
2003372834941468680
2004241867085406717
2005003170318352538
2005288633839096050
2005670356745322759
2006092994835804617
2006795197087207618
2007535691157143563
2007890867626057901
2008176822551216467
2008635332950888619
2008976966255337666
2009341341226942853
2009635875953488106
2009717451710509473
2010426555843871121
2010789281300701307
2011079586465935747
2011878056755966363
2012223385607028761
2012607112766018019
2013325907843219831
2013701196016423313
2014418990018261493
2015862641311219772
2016245336948244946
2016631038307418366
2017248927326638210
2018348054789640565
